frame,tti-go,tti-nogo,tti-void
146,100%,0%,0%
147,100%,0%,0%
340,70%,0%,30%
341,75%,0%,25%
342,69%,0%,31%
343,57%,0%,43%
347,41%,0%,59%
352,58%,0%,42%
506,0%,0%,100%
507,0%,0%,100%
514,30%,26%,44%
516,48%,24%,28%
517,40%,31%,28%
518,20%,63%,17%
519,20%,63%,17%
521,0%,100%,0%
532,2%,0%,98%
533,2%,0%,98%
534,2%,0%,98%
535,1%,0%,99%
536,3%,0%,97%
537,3%,0%,97%
538,2%,0%,98%
547,10%,0%,90%
576,32%,1%,67%
577,22%,4%,74%
641,17%,0%,83%
655,100%,0%,0%
656,100%,0%,0%
657,100%,0%,0%
658,100%,0%,0%
662,100%,0%,0%
663,100%,0%,0%
665,100%,0%,0%
666,100%,0%,0%
668,100%,0%,0%
669,100%,0%,0%
670,100%,0%,0%
671,100%,0%,0%
672,100%,0%,0%
678,100%,0%,0%
679,100%,0%,0%
680,100%,0%,0%
681,100%,0%,0%
682,100%,0%,0%
683,100%,0%,0%
684,100%,0%,0%
685,100%,0%,0%
686,100%,0%,0%
687,100%,0%,0%
688,100%,0%,0%
689,100%,0%,0%
710,100%,0%,0%
711,100%,0%,0%
712,100%,0%,0%
713,93%,0%,7%
714,100%,0%,0%
715,96%,0%,4%
716,100%,0%,0%
717,100%,0%,0%
718,99%,0%,1%
719,100%,0%,0%
740,100%,0%,0%
741,100%,0%,0%
742,98%,0%,2%
743,99%,0%,1%
744,98%,0%,2%
745,99%,0%,1%
746,99%,0%,1%
747,99%,0%,1%
748,93%,0%,7%
749,100%,0%,0%
750,97%,0%,3%
751,97%,0%,3%
752,96%,0%,4%
753,96%,0%,4%
754,93%,0%,7%
755,98%,0%,2%
756,94%,0%,6%
757,82%,0%,18%
758,87%,0%,13%
759,87%,0%,13%
760,98%,0%,2%
768,95%,0%,5%
769,96%,0%,4%
770,99%,0%,1%
771,99%,0%,1%
772,99%,0%,1%
774,100%,0%,0%
775,100%,0%,0%
776,99%,0%,1%
777,99%,0%,1%
778,99%,0%,1%
779,100%,0%,0%
780,100%,0%,0%
782,100%,0%,0%
783,100%,0%,0%
784,100%,0%,0%
785,100%,0%,0%
786,100%,0%,0%
808,100%,0%,0%
809,100%,0%,0%
814,94%,0%,6%
883,0%,0%,100%
888,0%,0%,100%
931,100%,0%,0%
937,100%,0%,0%
941,100%,0%,0%
942,100%,0%,0%
943,100%,0%,0%
944,100%,0%,0%
945,100%,0%,0%
946,97%,0%,3%
948,86%,0%,14%
968,100%,0%,0%
969,100%,0%,0%
972,100%,0%,0%
973,100%,0%,0%
976,100%,0%,0%
977,96%,0%,4%
978,100%,0%,0%
979,100%,0%,0%
980,100%,0%,0%
981,100%,0%,0%
982,100%,0%,0%
983,100%,0%,0%
984,100%,0%,0%
985,100%,0%,0%
986,99%,0%,1%
987,99%,0%,1%
988,100%,0%,0%
989,100%,0%,0%
990,87%,0%,13%
991,82%,0%,18%
992,93%,0%,7%
993,93%,0%,7%
994,87%,0%,13%
995,100%,0%,0%
996,100%,0%,0%
1049,100%,0%,0%
1057,100%,0%,0%
1058,100%,0%,0%
1059,100%,0%,0%
1061,100%,0%,0%
1062,100%,0%,0%
1064,100%,0%,0%
1065,100%,0%,0%
1066,100%,0%,0%
1067,100%,0%,0%
1068,100%,0%,0%
1069,100%,0%,0%
1224,100%,0%,0%
1236,100%,0%,0%
1238,100%,0%,0%
1239,100%,0%,0%
1240,100%,0%,0%
1241,100%,0%,0%
1242,100%,0%,0%
1244,100%,0%,0%
1245,100%,0%,0%
1246,100%,0%,0%
1249,100%,0%,0%
1303,1%,0%,99%
1339,47%,0%,53%
1340,59%,0%,41%
1341,59%,0%,41%
1342,53%,0%,47%
1343,54%,0%,46%
1499,1%,0%,99%
1500,0%,0%,100%
1501,3%,0%,97%
1510,5%,0%,95%
1511,6%,0%,94%
1518,15%,0%,85%
1681,100%,0%,0%
1682,100%,0%,0%
1683,100%,0%,0%
1697,52%,0%,48%
1698,48%,0%,52%
1769,74%,0%,26%
1776,98%,0%,2%
1781,100%,0%,0%
1782,100%,0%,0%
1800,100%,0%,0%
1807,100%,0%,0%
1824,100%,0%,0%
1861,100%,0%,0%
1867,100%,0%,0%
1926,0%,30%,70%
1939,13%,0%,87%
1942,23%,0%,77%
1943,41%,0%,59%
1944,47%,0%,53%
1945,51%,0%,49%
1948,51%,0%,49%
1950,55%,0%,45%
1951,59%,0%,41%
1954,62%,0%,38%
1960,66%,0%,34%
1961,68%,0%,32%
1962,77%,0%,23%
2034,0%,33%,67%
2196,25%,0%,75%
2198,24%,0%,76%
2199,24%,0%,76%
2200,14%,1%,84%
2201,11%,0%,89%
2202,14%,0%,86%
2203,15%,0%,85%
2204,26%,0%,73%
2205,26%,0%,73%
2206,16%,1%,84%
2207,19%,0%,81%
2208,30%,0%,70%
2209,42%,0%,58%
2236,1%,0%,99%
2237,0%,0%,100%
2238,12%,0%,88%
2240,24%,0%,76%
2241,24%,0%,76%
2261,39%,0%,61%
2263,24%,1%,75%
2266,16%,2%,81%
2284,24%,13%,63%
2285,22%,14%,64%
2286,25%,15%,60%
2288,25%,16%,59%
2289,25%,16%,59%
2359,4%,14%,82%
2360,2%,24%,74%
2417,22%,43%,34%
2454,0%,75%,25%
2483,1%,2%,97%
2484,0%,3%,97%
2485,0%,1%,99%
2534,27%,4%,69%
2535,27%,4%,69%
2536,13%,10%,77%
2537,13%,13%,74%
2538,2%,28%,71%
2540,2%,29%,69%
2541,2%,24%,73%
2542,3%,25%,72%
2544,11%,11%,78%
2545,12%,7%,82%
2546,11%,8%,81%
2547,11%,8%,81%
2710,0%,44%,56%
2711,0%,46%,54%
2735,0%,0%,100%
2736,2%,0%,98%
2738,20%,0%,80%
2739,20%,0%,80%
2740,20%,0%,80%
2741,14%,0%,86%
2742,0%,0%,100%
2854,86%,0%,14%
2953,97%,0%,3%
2956,98%,0%,2%
2964,0%,0%,100%
2976,95%,0%,5%
2977,99%,0%,1%
2978,97%,0%,3%
2979,97%,0%,3%
2980,98%,0%,2%
2981,98%,0%,2%
2986,100%,0%,0%
2988,99%,1%,0%
2995,0%,0%,100%
3014,100%,0%,0%
3015,100%,0%,0%
3016,100%,0%,0%
3017,100%,0%,0%
3018,100%,0%,0%
3019,100%,0%,0%
3020,100%,0%,0%
3021,100%,0%,0%
3022,100%,0%,0%
3023,100%,0%,0%
3024,100%,0%,0%
3025,100%,0%,0%
3026,100%,0%,0%
3027,100%,0%,0%
3029,100%,0%,0%
3032,100%,0%,0%
3033,100%,0%,0%
3035,100%,0%,0%
3036,100%,0%,0%
3037,100%,0%,0%
3038,100%,0%,0%
3039,100%,0%,0%
3041,100%,0%,0%
3042,100%,0%,0%
3044,100%,0%,0%
3045,100%,0%,0%
3046,100%,0%,0%
3048,100%,0%,0%
3049,100%,0%,0%
3050,100%,0%,0%
3051,100%,0%,0%
3052,100%,0%,0%
3053,100%,0%,0%
3054,100%,0%,0%
3055,100%,0%,0%
3056,100%,0%,0%
3057,100%,0%,0%
3058,100%,0%,0%
3059,100%,0%,0%
3060,100%,0%,0%
3061,100%,0%,0%
3062,100%,0%,0%
3063,100%,0%,0%
3064,100%,0%,0%
3065,100%,0%,0%
3066,100%,0%,0%
3067,100%,0%,0%
3068,100%,0%,0%
3069,100%,0%,0%
3070,100%,0%,0%
3071,100%,0%,0%
3072,100%,0%,0%
3134,97%,2%,1%
3135,97%,2%,1%
3160,0%,0%,100%
3161,0%,0%,100%
3164,0%,0%,100%
3167,0%,0%,100%
3171,0%,0%,100%
3174,0%,0%,100%
3175,0%,0%,100%
3180,0%,0%,100%
3252,66%,0%,34%
3312,100%,0%,0%
3323,52%,0%,48%
3327,27%,0%,73%
3328,29%,0%,71%
3332,33%,0%,67%
3333,33%,0%,67%
3341,94%,0%,6%
3342,100%,0%,0%
3344,100%,0%,0%
3345,100%,0%,0%
3348,100%,0%,0%
3349,100%,0%,0%
3355,100%,0%,0%
3450,100%,0%,0%
3534,100%,0%,0%
3536,96%,0%,4%
3537,96%,0%,4%
3538,100%,0%,0%
3540,100%,0%,0%
3544,100%,0%,0%
3607,13%,0%,87%
3611,0%,0%,100%
3622,2%,0%,98%
3625,22%,0%,78%
3626,2%,0%,98%
3627,2%,0%,98%
3629,3%,0%,97%
3630,9%,0%,91%
3631,15%,0%,85%
3632,17%,0%,83%
3633,17%,0%,83%
3634,10%,0%,90%
3635,0%,0%,100%
3636,19%,0%,81%
3637,11%,0%,89%
3640,11%,0%,89%
3642,0%,0%,100%
3646,12%,0%,88%
3648,5%,0%,95%
3649,3%,0%,97%
3650,11%,0%,89%
3651,11%,0%,89%
3653,0%,0%,100%
3654,3%,0%,97%
3655,0%,0%,100%
3656,0%,0%,100%
3657,0%,0%,100%
3658,0%,0%,100%
3659,4%,0%,96%
3660,8%,0%,92%
3661,6%,0%,94%
3664,31%,0%,69%
3667,67%,0%,33%
3670,72%,0%,28%
3683,50%,0%,50%
3684,50%,0%,50%
3688,55%,0%,45%
3694,25%,0%,75%
3695,9%,3%,88%
3697,35%,0%,65%
3698,21%,0%,79%
3699,21%,0%,79%
3700,18%,0%,82%
3702,31%,0%,69%
3703,63%,0%,37%
3714,43%,0%,57%
3715,30%,0%,70%
3721,13%,0%,87%
3724,4%,2%,94%
3725,3%,2%,95%
3726,15%,2%,83%
3730,74%,0%,26%
3733,79%,0%,21%
3734,84%,0%,16%
3735,84%,0%,16%
3766,58%,0%,42%
3785,8%,0%,92%
3792,28%,0%,72%
3799,68%,0%,32%
3800,71%,0%,29%
3801,71%,0%,29%
3811,100%,0%,0%
3838,100%,0%,0%
3839,100%,0%,0%
3850,91%,0%,9%
3859,7%,0%,93%
3875,8%,42%,50%
3878,7%,67%,26%
3879,7%,67%,26%
3928,0%,36%,64%
3929,7%,17%,76%
3936,22%,0%,78%
3938,12%,0%,88%
3939,12%,0%,88%
3942,21%,0%,79%
3943,19%,0%,81%
3946,23%,0%,77%
3947,24%,0%,76%
3948,18%,0%,82%
3955,23%,0%,77%
3956,25%,0%,75%
3957,25%,0%,75%
3959,14%,0%,86%
3960,12%,0%,88%
3961,5%,0%,95%
3962,0%,0%,100%
3963,0%,0%,100%
3964,0%,0%,100%
3966,0%,0%,100%
3967,0%,0%,100%
3968,0%,0%,100%
3969,0%,0%,100%
3970,0%,0%,100%
3971,0%,0%,100%
3979,2%,0%,98%
3983,23%,0%,77%
3984,27%,0%,73%
3985,25%,0%,75%
3990,74%,0%,26%
4002,41%,0%,59%
4003,45%,0%,55%
4004,50%,0%,50%
4005,50%,0%,50%
4006,52%,0%,48%
4007,54%,0%,46%
4008,60%,0%,40%
4009,55%,0%,45%
4010,37%,0%,63%
4011,37%,0%,63%
4012,46%,0%,54%
4013,56%,0%,44%
4014,49%,0%,51%
4015,53%,0%,47%
4016,50%,0%,50%
4017,50%,0%,50%
4019,38%,0%,62%
4020,35%,0%,65%
4021,24%,0%,76%
4022,28%,0%,72%
4023,28%,0%,72%
4024,17%,0%,83%
4025,22%,0%,78%
4027,17%,0%,83%
4028,11%,0%,89%
4029,11%,0%,89%
4030,14%,0%,86%
4031,30%,0%,70%
4036,10%,0%,90%
4038,10%,0%,90%
4039,22%,0%,78%
4042,37%,0%,63%
4050,99%,0%,1%
4051,79%,0%,21%
4052,78%,0%,22%
4053,78%,0%,22%
4054,73%,0%,27%
4055,61%,0%,39%
4056,72%,0%,28%
4057,73%,0%,27%
4058,48%,0%,52%
4059,48%,0%,52%
4062,47%,0%,53%
4063,48%,0%,52%
4066,14%,0%,86%
4067,1%,2%,97%
4069,0%,5%,95%
4073,1%,1%,98%
4075,0%,1%,99%
4098,40%,0%,60%
4154,0%,81%,19%
4155,0%,81%,19%
4156,0%,54%,46%
4157,0%,60%,40%
4158,0%,71%,29%
4176,98%,0%,2%
4182,96%,0%,4%
4186,98%,0%,2%
4187,97%,0%,3%
4188,98%,0%,2%
4189,96%,0%,4%
4190,100%,0%,0%
4191,100%,0%,0%
