frame,tti-go,tti-nogo,tti-void
18,0%,100%,0%
35,0%,9%,91%
71,0%,100%,0%
101,0%,100%,0%
102,0%,100%,0%
106,0%,100%,0%
107,0%,100%,0%
110,100%,0%,0%
111,100%,0%,0%
112,100%,0%,0%
148,100%,0%,0%
151,100%,0%,0%
152,100%,0%,0%
153,100%,0%,0%
154,100%,0%,0%
155,100%,0%,0%
156,100%,0%,0%
157,100%,0%,0%
158,100%,0%,0%
159,100%,0%,0%
161,100%,0%,0%
162,100%,0%,0%
163,100%,0%,0%
164,100%,0%,0%
165,100%,0%,0%
173,100%,0%,0%
176,100%,0%,0%
177,100%,0%,0%
178,99%,0%,1%
179,99%,0%,1%
180,100%,0%,0%
181,99%,0%,1%
182,98%,0%,2%
183,98%,0%,2%
188,90%,0%,10%
189,90%,0%,10%
190,96%,0%,4%
206,1%,19%,80%
207,1%,19%,80%
212,81%,0%,19%
213,81%,0%,19%
220,79%,0%,21%
221,78%,0%,22%
232,86%,0%,14%
242,100%,0%,0%
243,100%,0%,0%
252,100%,0%,0%
254,0%,0%,100%
255,0%,0%,100%
266,99%,0%,1%
267,99%,0%,1%
270,88%,0%,12%
280,58%,33%,9%
448,0%,98%,2%
449,0%,99%,1%
454,0%,84%,16%
455,0%,88%,12%
456,0%,88%,12%
464,0%,97%,3%
465,0%,97%,3%
521,0%,100%,0%
522,0%,100%,0%
550,0%,100%,0%
552,0%,100%,0%
559,0%,97%,3%
562,0%,100%,0%
563,0%,100%,0%
564,0%,100%,0%
575,0%,94%,6%
576,0%,100%,0%
577,0%,100%,0%
578,0%,100%,0%
579,0%,100%,0%
581,0%,100%,0%
679,0%,100%,0%
680,0%,100%,0%
681,0%,100%,0%
733,0%,100%,0%
804,0%,100%,0%
805,0%,100%,0%
808,0%,100%,0%
862,0%,99%,1%
864,0%,100%,0%
866,0%,100%,0%
867,0%,100%,0%
868,0%,100%,0%
869,0%,100%,0%
870,0%,81%,19%
871,0%,89%,11%
872,0%,89%,11%
873,0%,89%,11%
912,0%,100%,0%
918,0%,100%,0%
919,0%,99%,1%
924,0%,98%,2%
936,0%,50%,50%
948,0%,61%,39%
1008,0%,100%,0%
1043,100%,0%,0%
1044,98%,0%,2%
1080,99%,0%,1%
1081,99%,0%,1%
1093,0%,100%,0%
1094,0%,100%,0%
1095,0%,100%,0%
1096,0%,99%,1%
1097,0%,99%,1%
1103,87%,0%,13%
1117,38%,8%,54%
1121,42%,41%,17%
1122,34%,49%,17%
1123,21%,55%,24%
1124,22%,50%,27%
1125,22%,50%,27%
1126,9%,65%,26%
1127,26%,52%,22%
1128,21%,53%,25%
1129,38%,30%,32%
1130,6%,41%,53%
1131,6%,40%,54%
1132,0%,49%,51%
1133,0%,52%,48%
1134,0%,75%,25%
1147,100%,0%,0%
1148,100%,0%,0%
1149,100%,0%,0%
1253,81%,0%,19%
1254,59%,0%,41%
1261,63%,0%,37%
1264,100%,0%,0%
1266,100%,0%,0%
1283,53%,0%,47%
1286,99%,0%,1%
1287,99%,0%,1%
1376,40%,0%,60%
1377,40%,0%,60%
1379,35%,0%,65%
1440,65%,1%,35%
1476,37%,30%,33%
1487,11%,39%,50%
1489,10%,25%,65%
1494,13%,14%,73%
1498,0%,11%,89%
1504,59%,0%,41%
1524,85%,0%,15%
1529,91%,0%,9%
1630,96%,0%,4%
1632,87%,0%,13%
1633,77%,0%,23%
1699,49%,43%,8%
1700,48%,45%,7%
1701,48%,45%,7%
1703,36%,63%,1%
1741,30%,16%,54%
1747,0%,99%,0%
1764,0%,0%,100%
1822,49%,46%,5%
1823,50%,44%,6%
2310,0%,0%,100%
2714,59%,0%,41%
2715,59%,0%,41%
2717,21%,0%,79%
2719,0%,0%,100%
2722,0%,0%,100%
2994,33%,0%,67%
2995,22%,0%,78%
2999,0%,0%,100%
3116,0%,98%,2%
3117,0%,98%,2%
3253,54%,0%,46%
3254,94%,0%,6%
3255,94%,0%,6%
3311,0%,0%,100%
3312,100%,0%,0%
3332,87%,0%,13%
3333,87%,0%,13%
3335,64%,0%,36%
3336,100%,0%,0%
3337,98%,0%,2%
3355,100%,0%,0%
3356,100%,0%,0%
3357,100%,0%,0%
3358,100%,0%,0%
3361,100%,0%,0%
3362,100%,0%,0%
3363,100%,0%,0%
3370,99%,0%,1%
3383,0%,100%,0%
3395,61%,0%,39%
3396,82%,0%,18%
3410,80%,0%,20%
3411,80%,0%,20%
3412,94%,0%,6%
3413,95%,0%,5%
3414,96%,0%,4%
3415,94%,0%,6%
3416,91%,0%,9%
3417,91%,0%,9%
3418,91%,0%,9%
3419,91%,0%,9%
3420,94%,0%,6%
3421,93%,0%,7%
3422,97%,0%,3%
3423,97%,0%,3%
3424,93%,0%,7%
3425,93%,0%,7%
3426,86%,0%,14%
3452,51%,0%,49%
3453,51%,0%,49%
3462,30%,0%,70%
3466,90%,0%,10%
3467,54%,0%,46%
3468,0%,25%,75%
3556,52%,0%,48%
3557,54%,0%,46%
3582,76%,0%,24%
3598,66%,0%,34%
3599,65%,0%,35%
3600,89%,0%,11%
3601,87%,0%,13%
3602,87%,0%,13%
3603,87%,0%,13%
3625,58%,0%,42%
3626,54%,0%,46%
3627,54%,0%,46%
3671,30%,1%,69%
3672,32%,4%,64%
3673,53%,0%,47%
3674,60%,0%,40%
3675,60%,0%,40%
3676,81%,0%,19%
3677,88%,0%,12%
3678,100%,0%,0%
3679,99%,0%,1%
3680,99%,0%,1%
3681,99%,0%,1%
3689,97%,0%,3%
3690,93%,0%,7%
3691,89%,0%,11%
3692,67%,0%,33%
3693,67%,0%,33%
3698,82%,0%,18%
3699,82%,0%,18%
3701,96%,0%,4%
3702,93%,0%,7%
3703,90%,0%,10%
3704,100%,0%,0%
3705,100%,0%,0%
3706,99%,0%,1%
3709,96%,0%,4%
3710,100%,0%,0%
3711,100%,0%,0%
3712,100%,0%,0%
3713,91%,0%,9%
3725,68%,0%,32%
3726,86%,0%,14%
3727,100%,0%,0%
3728,99%,0%,1%
3729,99%,0%,1%
3730,87%,0%,13%
3731,100%,0%,0%
3732,100%,0%,0%
3733,100%,0%,0%
3734,100%,0%,0%
3735,100%,0%,0%
3736,100%,0%,0%
3737,100%,0%,0%
3738,100%,0%,0%
3749,99%,0%,1%
3754,98%,0%,2%
3755,100%,0%,0%
3756,100%,0%,0%
3764,90%,0%,10%
3765,90%,0%,10%
3766,67%,0%,33%
3767,73%,0%,27%
3768,76%,0%,24%
3769,83%,0%,17%
3770,95%,0%,5%
3771,95%,0%,5%
3772,83%,0%,17%
3782,85%,0%,15%
3783,85%,0%,15%
3785,80%,0%,20%
3787,60%,0%,40%
3791,49%,0%,51%
3792,56%,0%,44%
3811,82%,0%,18%
3826,70%,0%,30%
3862,38%,0%,62%
3863,38%,0%,61%
3868,69%,0%,31%
3869,68%,0%,32%
3871,56%,0%,44%
3872,55%,0%,45%
3873,55%,0%,45%
3901,68%,17%,15%
3904,42%,37%,21%
3905,42%,37%,21%
3908,100%,0%,0%
3909,100%,0%,0%
3912,100%,0%,0%
3930,62%,0%,38%
3934,96%,0%,4%
3937,100%,0%,0%
3938,100%,0%,0%
3939,100%,0%,0%
3940,99%,0%,1%
3973,9%,32%,60%
3976,25%,9%,66%
4009,76%,0%,24%
4010,100%,0%,0%
4011,100%,0%,0%
4031,94%,0%,6%
4310,57%,0%,43%
4311,57%,0%,43%
4315,52%,6%,43%
4316,66%,3%,31%
4317,66%,3%,31%
4318,62%,4%,34%
4319,74%,0%,26%
4320,87%,0%,13%
4321,96%,0%,4%
4322,99%,0%,1%
4323,99%,0%,1%
4324,71%,9%,20%
4327,66%,0%,34%
4328,60%,0%,40%
4329,60%,0%,40%
4354,0%,0%,100%
4375,0%,100%,0%
4379,0%,100%,0%
4380,0%,100%,0%
4381,0%,100%,0%
4382,0%,100%,0%
4383,0%,100%,0%
4384,0%,100%,0%
4385,0%,100%,0%
4386,0%,100%,0%
4399,0%,100%,0%
4405,0%,100%,0%
4436,82%,0%,18%
4437,82%,0%,18%
4438,1%,6%,93%
4439,0%,58%,42%
4483,0%,100%,0%
4484,0%,97%,3%
4485,0%,97%,3%
4502,6%,24%,70%
4503,6%,24%,70%
4708,0%,0%,100%
