frame,tti-go,tti-nogo,tti-void
0,33%,5%,62%
1,35%,12%,53%
2,36%,5%,59%
3,31%,6%,63%
4,26%,0%,74%
5,28%,0%,72%
6,35%,0%,65%
7,35%,1%,64%
8,50%,0%,50%
11,62%,0%,38%
47,77%,0%,23%
48,36%,0%,64%
195,55%,0%,45%
232,78%,0%,22%
233,80%,0%,20%
234,84%,0%,16%
235,81%,0%,19%
236,75%,0%,25%
237,73%,0%,27%
238,65%,0%,35%
239,72%,0%,28%
240,82%,0%,18%
246,69%,3%,28%
269,52%,0%,48%
270,59%,0%,41%
276,100%,0%,0%
277,100%,0%,0%
304,45%,0%,55%
400,0%,0%,100%
409,43%,0%,57%
410,38%,1%,61%
458,0%,0%,100%
460,8%,0%,92%
465,28%,0%,72%
466,20%,0%,80%
593,45%,0%,55%
600,0%,51%,49%
621,31%,0%,69%
623,21%,0%,79%
636,17%,46%,37%
643,0%,99%,1%
647,0%,6%,94%
662,0%,15%,85%
695,39%,0%,61%
702,6%,75%,19%
731,0%,86%,14%
733,7%,62%,30%
870,3%,0%,97%
871,3%,0%,97%
881,4%,0%,96%
882,8%,0%,92%
883,8%,0%,92%
884,5%,0%,95%
924,4%,0%,96%
926,8%,0%,92%
930,0%,0%,100%
936,0%,0%,100%
950,63%,0%,37%
977,3%,47%,50%
989,0%,0%,100%
991,0%,0%,100%
992,0%,0%,100%
993,0%,0%,100%
994,0%,0%,100%
995,0%,0%,100%
1001,9%,0%,91%
1002,6%,0%,94%
1004,1%,0%,99%
1009,1%,0%,99%
1010,0%,0%,100%
1047,33%,0%,67%
1048,7%,5%,87%
1070,10%,47%,43%
1075,0%,6%,94%
1095,0%,87%,13%
1096,0%,81%,19%
1097,0%,77%,23%
1098,0%,77%,23%
1100,0%,71%,29%
1105,36%,0%,64%
1138,38%,0%,62%
1139,40%,0%,60%
1140,42%,0%,58%
1143,19%,0%,81%
1144,17%,0%,83%
1146,16%,0%,84%
1147,19%,0%,81%
1148,28%,0%,72%
1149,38%,0%,62%
1157,62%,0%,38%
1158,51%,0%,49%
1159,39%,0%,61%
1160,14%,0%,86%
1161,1%,0%,99%
1189,60%,0%,40%
1226,36%,0%,64%
1227,21%,0%,79%
1228,8%,0%,92%
1229,5%,0%,95%
1230,10%,0%,90%
1231,5%,0%,95%
1232,26%,0%,74%
1238,50%,0%,50%
1239,45%,0%,55%
1240,59%,0%,41%
1246,32%,0%,68%
1248,17%,0%,83%
1249,4%,0%,96%
1250,3%,0%,97%
1254,45%,0%,55%
1256,3%,0%,97%
1263,0%,0%,100%
1266,0%,0%,100%
1267,0%,0%,100%
1268,0%,0%,100%
1269,0%,0%,100%
1270,0%,0%,100%
1271,15%,0%,85%
1272,4%,0%,96%
1273,0%,0%,100%
1274,0%,0%,100%
1276,0%,0%,100%
1279,0%,0%,100%
1280,0%,0%,100%
1301,0%,0%,100%
1302,0%,0%,100%
1303,0%,0%,100%
1305,0%,0%,100%
1306,0%,0%,100%
1307,0%,0%,100%
1308,0%,0%,100%
1313,0%,0%,100%
1346,0%,90%,10%
1358,33%,14%,53%
1370,0%,0%,100%
1371,0%,0%,100%
1386,0%,0%,100%
1388,0%,100%,0%
1400,31%,16%,53%
1402,24%,7%,69%
1440,16%,2%,82%
1484,1%,29%,71%
1485,2%,21%,77%
1486,3%,20%,77%
1735,100%,0%,0%
1740,100%,0%,0%
1779,56%,0%,44%
1780,51%,0%,49%
1828,100%,0%,0%
1905,0%,0%,100%
1906,0%,0%,100%
1908,0%,0%,100%
1909,1%,0%,99%
1912,0%,84%,16%
1916,0%,72%,28%
1917,0%,84%,16%
1918,4%,0%,96%
1919,14%,0%,86%
1921,37%,0%,63%
1924,47%,0%,53%
1926,17%,0%,83%
1927,18%,0%,82%
1929,6%,0%,94%
2153,40%,0%,60%
2229,0%,67%,32%
2230,3%,44%,54%
2445,32%,0%,68%
2515,85%,0%,15%
2518,84%,0%,16%
2529,96%,0%,4%
2532,89%,0%,11%
2533,88%,0%,12%
2538,95%,0%,5%
2539,93%,0%,7%
2541,92%,0%,8%
2542,96%,0%,4%
2543,98%,0%,2%
2576,62%,0%,38%
2577,68%,0%,32%
2603,0%,69%,31%
2604,0%,68%,32%
2634,0%,92%,8%
2644,0%,90%,10%
2651,0%,81%,19%
2656,0%,94%,6%
2657,0%,94%,6%
2658,0%,92%,8%
2660,0%,90%,10%
2661,0%,95%,5%
2832,72%,0%,28%
2861,40%,28%,32%
2919,0%,35%,65%
2948,0%,26%,74%
2949,0%,44%,56%
2969,83%,0%,17%
2975,51%,5%,45%
2977,0%,37%,63%
2989,0%,16%,84%
2990,0%,53%,47%
3030,100%,0%,0%
3032,62%,0%,38%
3033,79%,0%,21%
3034,70%,0%,30%
3035,83%,0%,17%
3036,92%,0%,8%
3037,92%,0%,8%
3038,56%,0%,44%
3039,77%,0%,23%
3040,93%,0%,7%
3042,95%,0%,5%
3043,92%,0%,8%
3044,88%,0%,12%
3045,81%,0%,19%
3046,77%,2%,21%
3047,65%,0%,35%
3048,95%,0%,5%
3049,94%,0%,6%
3100,28%,0%,72%
3101,16%,0%,84%
3112,0%,0%,100%
3113,0%,0%,100%
3114,0%,0%,100%
3115,0%,0%,100%
3116,0%,0%,100%
3117,0%,0%,100%
3118,0%,0%,100%
3119,0%,0%,100%
3123,0%,0%,100%
3124,0%,0%,100%
3126,0%,0%,100%
3127,0%,0%,100%
3132,0%,0%,100%
3138,0%,0%,100%
3139,0%,0%,100%
3140,0%,0%,100%
3146,100%,0%,0%
3147,88%,0%,12%
3150,58%,0%,42%
3151,0%,19%,81%
3163,0%,0%,100%
